sample_id	230821-IM-U1_BC17	230821-IM-U1_BC26	230821-IM-U1_BC28	230821-IM-U1_BC30	230821-IM-U2_BC12	230821-IM-U2_BC13	230821-IM-U2_BC16	230821-IM-U2_BC21	230821-IM-U2_BC25	230821-IM-U4_BC11	230821-IM-U4_BC15	230821-IM-U4_BC18	230821-IM-U4_BC23	230821-IM-U4_BC24	230821-IM-U4_BC27	230821-IM-U5_BC14	230821-IM-U5_BC19	230821-IM-U5_BC20	230821-IM-U5_BC22	230821-IM-U5_BC29	230905-IM-U1_BC15	230905-IM-U1_BC16	230905-IM-U1_BC18	230905-IM-U1_BC29	230905-IM-U1_BC39	230905-IM-U2_BC26	230905-IM-U2_BC31	230905-IM-U2_BC33	230905-IM-U2_BC36	230905-IM-U3_BC17	230905-IM-U3_BC20	230905-IM-U3_BC22	230905-IM-U3_BC34	230905-IM-U3_BC37	230905-IM-U5-GP_BC11	230905-IM-U5-GP_BC13	230905-IM-U5-GP_BC19	230905-IM-U5-GP_BC21	230905-IM-U5-GP_BC28	230905-IM-U5-GW_BC11	230905-IM-U5-GW_BC13	230905-IM-U5-GW_BC19	230905-IM-U5-GW_BC21	230905-IM-U5-GW_BC28	230905-IM-U6-GP_BC12	230905-IM-U6-GP_BC14	230905-IM-U6-GP_BC27	230905-IM-U6-GP_BC32	230905-IM-U6-GP_BC35	230905-IM-U6-GW_BC12	230905-IM-U6-GW_BC14	230905-IM-U6-GW_BC27	230905-IM-U6-GW_BC32	230905-IM-U6-GW_BC35	230905-IM-U7_BC23	230905-IM-U7_BC24	230905-IM-U7_BC25	230905-IM-U7_BC30	230905-IM-U7_BC38	230914-IM-U1_BC39	230914-IM-U2_BC11	230914-IM-U2_BC17	230914-IM-U2_BC22	230914-IM-U2_BC26	230914-IM-U2_BC27	230914-IM-U2_BC37	230914-IM-U3_BC14	230914-IM-U3_BC16	230914-IM-U3_BC20	230914-IM-U3_BC24	230914-IM-U3_BC25	230914-IM-U5_BC18	230914-IM-U5_BC19	230914-IM-U5_BC21	230914-IM-U5_BC23	230914-IM-U5_BC28	230914-IM-U5_BC33	230914-IM-U6_BC13	230914-IM-U6_BC15	230914-IM-U6_BC29	230914-IM-U6_BC32	230914-IM-U6_BC35	230914-IM-U6_BC38	230914-IM-U8_BC12	230914-IM-U8_BC30	230914-IM-U8_BC31	230914-IM-U8_BC34	230914-IM-U8_BC36	230926-IM-U1_BC34	230926-IM-U2_BC16	230926-IM-U2_BC24	230926-IM-U2_BC28	230926-IM-U2_BC35	230926-IM-U2_BC36	230926-IM-U2_BC37	230926-IM-U3_BC12	230926-IM-U3_BC18	230926-IM-U3_BC20	230926-IM-U3_BC29	230926-IM-U3_BC30	230926-IM-U6_BC15	230926-IM-U6_BC19	230926-IM-U6_BC21	230926-IM-U6_BC23	230926-IM-U6_BC25	230926-IM-U6_BC27	230926-IM-U7_BC14	230926-IM-U7_BC17	230926-IM-U7_BC26	230926-IM-U7_BC31	230926-IM-U7_BC32	230926-IM-U7_BC33	230926-IM-U8_BC11	230926-IM-U8_BC13	230926-IM-U8_BC22	231027-IM-U1_BC20	231027-IM-U1_BC33	231027-IM-U1_BC35	231027-IM-U2_BC12	231027-IM-U2_BC25	231027-IM-U2_BC29	231027-IM-U2_BC31	231027-IM-U2_BC36	231027-IM-U2_BC38	231027-IM-U3_BC14	231027-IM-U3_BC19	231027-IM-U3_BC21	231027-IM-U3_BC32	231027-IM-U3_BC40	231027-IM-U6_BC17	231027-IM-U6_BC26	231027-IM-U6_BC28	231027-IM-U6_BC30	231027-IM-U6_BC39	231027-IM-U7_BC11	231027-IM-U7_BC13	231027-IM-U7_BC16	231027-IM-U7_BC23	231027-IM-U7_BC27	231027-IM-U7_BC34	231027-IM-U8_BC15	231027-IM-U8_BC18	231027-IM-U8_BC24	231027-IM-U8_BC37	231107-IM-U1_BC18	231107-IM-U1_BC25	231107-IM-U2_BC17	231107-IM-U2_BC22	231107-IM-U2_BC23	231107-IM-U2_BC24	231107-IM-U2_BC27	231107-IM-U2_BC29	231107-IM-U3_BC11	231107-IM-U3_BC14	231107-IM-U3_BC16	231107-IM-U3_BC28	231107-IM-U6_BC12	231107-IM-U6_BC19	231107-IM-U6_BC20	231107-IM-U6_BC26	231107-IM-U6_BC34	231107-IM-U7_BC13	231107-IM-U7_BC15	231107-IM-U7_BC21	231107-IM-U8_BC30	231107-IM-U8_BC31	231107-IM-U8_BC32	231107-IM-U8_BC33	231107-IM-U8_BC35
bcumi	21274656	16985743	4465519	7363461	14957944	15378450	13112130	18036492	9648794	3906442	19056544	9576618	12148204	17379353	18231309	13163673	26066418	27055858	20276923	4220794	11242002	8953811	27207935	20595090	24012074	16121691	15025222	15800915	26039941	12214008	9985386	3323550	9384534	6207292	13129023	14719301	8939472	5817467	11667170	10536510	12304558	6682605	4541643	13747186	12685695	11828183	9528259	14832827	7806821	18711486	15180819	15106961	24333197	10264440	20979194	17132030	20069872	22370105	17060270	13802951	21381151	15054834	16212307	9218169	21922829	6637708	14666930	12818462	13086402	16923417	17168314	10903863	14233611	9128670	8095068	13499153	15383033	19594803	9460922	7691792	32901744	13947095	998605	19445373	18621199	1683036	1316898	30910806	18644250	5168983	4997602	8845512	87546384	19969707	6748994	31265009	7225122	8866910	15710687	7688401	18722118	5099972	25113617	24882984	18781855	12655239	8960080	12859545	12188949	13238245	22775364	39959430	7003872	2075336	7978564	29369537	34537254	27003599	28749176	29267386	26266454	19374937	12931274	20312449	15142798	13260258	17339385	24100337	25309746	8755823	12448172	14051622	13692130	28369998	20763936	5016437	13970107	13831308	19351219	16026011	13725640	11557589	5964652	8148367	23729976	8199400	10493192	19585408	12285237	29104766	9006552	47573982	4187618	26074065	23206881	3269650	12581805	19971653	18176689	47137651	4697347	15497062	7313973	22650141	786262	994025	1206454	1084899	49881331
cutadapt1	5715014	8461278	2231553	3944954	8524826	7562133	6251412	11422720	6420270	2675173	12282007	5540497	7822131	11751339	12901470	7479127	18657925	18915000	15552337	2986515	1813138	2309793	6590357	4448840	5136541	9258546	9332644	9806220	14511447	4884549	5175040	1740604	4797053	2954571	8953864	9005345	5543094	3783889	8689593	7958095	9465706	5186835	3622007	11468357	6226973	6943532	5484761	9333552	4695894	10493451	10764182	10345651	17272508	6953241	13918750	10520187	12709343	14050698	11538407	11792334	17424420	11677106	13157832	7678500	18601321	5429534	12047992	10393545	11188987	14863221	14719464	7766767	10260254	6536421	5748239	8714359	11415591	15791237	7756434	5859169	23491960	11305846	784795	16886229	15976679	1437459	1156868	26645598	13211647	3988582	3732161	5902353	60731925	15284837	4271287	13698431	5197397	6595484	10320472	5341851	14681379	3723947	20337529	21109468	15013971	8373363	6326481	10017530	8028654	9975337	14865634	27530144	3809775	820251	5080352	15533195	24707294	12054811	17741042	15047420	17103937	12361193	5805277	9690432	7888165	9494264	12142381	16988112	20998881	4701851	5873699	6017378	7135676	10535606	10537635	2659724	5969813	5635641	11422921	7090847	7468590	6445146	1295650	5263412	12334650	3872501	5257759	7496872	6188441	11050132	4039073	16584014	1536244	10521954	10160619	1073929	5521955	5358890	7389545	22379966	1715134	8371216	3364465	7281406	346685	459255	470671	498826	29661674
cutadapt2	15284521	13340114	3467388	5827649	12098909	12209539	10023276	14976186	7976953	3308329	15462429	7572465	9850496	14818470	15117541	9888656	22329271	22614135	17617914	3552155	6109556	5107437	16106794	10790234	14248640	11759716	11207988	11822314	19104855	8380834	7010224	2293020	6613769	4349292	11418766	12164597	7351953	4808410	10245858	9167512	10702412	5783665	3961535	12324818	9870366	9284453	7415582	11829306	6245086	14275622	12469657	12244309	19987565	8219427	16327454	12795949	15394703	17129169	13513898	12199059	19150654	12839056	14235801	8199078	19833095	5856086	13289356	11463824	12052240	15730104	15851223	8348058	11054778	6978469	6132199	9972918	12243278	17890927	8402060	6630589	27348906	12554284	888788	17724994	17127338	1548749	1229187	28925678	16240576	4511434	4288490	7588338	77076858	17727160	5686590	24730469	6058047	7516341	13242349	6448753	16117922	4197156	22422994	22449255	16381808	10325209	7362303	11176687	10102538	11507402	19224249	34619491	5053920	1326253	6032753	23814100	30144143	20052574	23785787	22982341	21955885	16056039	9834036	15739376	12662010	11525752	14984519	20916361	23105453	7199829	10080636	10854210	11161941	21534903	17214077	4193632	10953105	10793269	15808852	12518896	11373854	9568361	4748861	7059747	19377648	6264840	7740923	13934195	9336081	19942455	6360089	32049505	2844390	18913012	16982968	2266186	9197914	14561288	13395342	37303167	3369562	12154052	5288819	16511564	520360	669164	730334	722996	38769783
trimGC	5911180	8721731	2332652	4152837	8904874	8036776	6512677	11924335	6758332	2853234	13030257	5792906	8229253	12269623	13503461	8069435	19768704	20173245	16297906	3149221	1839269	2474977	6869146	4833550	5275576	9536512	9440931	10015185	14712956	5066491	5385179	1818917	5075649	3096911	9477018	9493931	5848595	4014709	9081768	8331915	9776774	5284103	3695671	11752860	6407439	7374844	5710589	9916396	4968172	10646093	11101186	10674856	18066571	7172675	14773214	11295138	13368577	15141458	12207926	11508055	17767775	11778244	13214942	7789911	18722731	5567337	12504543	10825105	11585664	15374354	15477599	7896999	10551301	6707588	5821674	9149089	11777269	17433703	8076325	6311685	25262621	12158870	849785	17279938	16778194	1498006	1202471	28582968	12671849	3942966	3706926	5782862	58100120	14820533	4115352	13312346	5226577	6691971	10231194	5336752	14771078	3773546	20552590	21088805	15142441	8467187	6361400	10036461	8093172	10077959	14775777	26021326	4034703	881401	5301872	15232911	25048005	12182588	17021447	14589400	16930950	12142210	5722389	9526506	7551524	9423646	12206410	17200931	21469443	4591816	5629315	5927669	7247122	10071766	9458674	2570260	5762460	5302218	11586451	7039236	7283389	6409635	1099700	5429300	12054565	3965940	5290104	7388177	5956718	10649694	4036195	15836499	1501915	9889278	9568365	995702	5673176	5273724	7371917	22103382	1716083	8617186	3576409	7454487	389167	506332	529851	546575	32143179
clean	11430028	16922556	4463106	7889908	17049652	15124266	12502824	22845440	12840540	5350346	24564014	11080994	15644262	23502678	25802940	14958254	37315850	37830000	31104674	5973030	3626276	4619586	13180714	8897680	10273082	18517092	18665288	19612440	29022894	9769098	10350080	3481208	9594106	5909142	17907728	18010690	11086188	7567778	17379186	15916190	18931412	10373670	7244014	22936714	12453946	13887064	10969522	18667104	9391788	20986902	21528364	20691302	34545016	13906482	27837500	21040374	25418686	28101396	23076814	23016110	34848840	23354212	26315664	15357000	37202642	10859068	24095984	20787090	22377974	29726442	29438928	15533534	20520508	13072842	11496478	17428718	22831182	31582474	15512868	11718338	46983920	22611692	1569590	33772458	31953358	2874918	2313736	53291196	25343698	7885932	7413852	11565724	116200240	29641066	8230704	26624692	10394794	13190968	20462388	10673504	29362758	7447894	40675058	42177610	30027942	16746726	12652962	20035060	16057308	19950674	29551554	52042652	7619550	1640502	10160704	30465822	49414588	24109622	34042894	29178800	33861900	24284420	11444778	19053012	15103048	18847292	24284762	33976224	41997762	9183632	11258630	11855338	14271352	20143532	18917348	5140520	11524920	10604436	22845842	14078472	14566778	12819270	2199400	10526824	24109130	7745002	10515518	14776354	11913436	21299388	8072390	31672998	3003830	19778556	19136730	1991404	11043910	10547448	14743834	44206764	3430268	16742432	6728930	14562812	693370	918510	941342	997652	59323348
star_spikein_long	374967	445600	115490	187701	314039	379036	296313	381345	242182	106304	461778	268088	303951	446921	369379	401396	678458	759820	420658	105439	132387	184974	533422	392112	387763	304541	249759	267343	441356	163678	151900	63001	157687	92544	311280	295725	237049	152474	245258	134122	105418	89276	56682	119656	322420	312441	211773	408515	216388	295452	224855	180291	384096	169163	454858	401197	379216	458589	249533	71147	189715	189089	132757	76806	159059	75402	113858	129482	96186	103181	124210	101294	168287	87567	75426	206637	129925	167129	91714	94976	453170	125703	9538	161041	131267	8511	6837	155281	257536	62330	65353	119024	2329795	396124	123094	430120	70760	128193	180619	75853	159289	56905	225349	158045	147296	149563	108496	100560	147562	120335	322478	597269	102473	30860	131253	367605	268001	296553	299256	332338	245776	317962	126055	176745	197920	105177	166312	242117	203588	115014	179895	190579	215473	371923	376985	72219	194595	184974	291463	260017	188943	143621	93331	109341	407712	162101	127504	292578	155913	406504	112341	725231	57708	397020	340631	48425	227709	324423	348499	720402	72856	243332	192489	395833	10684	14023	15956	16013	829328
star_univec	1320298	1448880	337461	522544	833149	981730	842118	978616	557357	236450	969552	690066	722893	1254382	891430	791434	1326666	1481791	867672	237718	428302	472022	1509950	1036392	1351460	788229	675346	694183	1543715	512280	400037	156919	423082	301161	749363	731991	560296	331687	548371	333067	277198	218777	130170	276184	1027562	701263	576397	877869	552092	960433	539344	501169	876462	448226	920942	813917	837566	969759	575694	222829	500371	490115	361526	203429	431209	185781	300909	313151	241534	263441	273161	250482	384815	214382	204423	559434	319038	365302	210701	219860	1016843	288065	21705	371085	339397	22905	19114	331704	892621	183857	190851	428652	6887861	1187802	426590	1788847	196528	305363	693476	266519	465025	147431	603418	552338	459670	395943	293831	314037	440680	349703	884417	1996360	261272	79284	296187	1409086	1288479	1347515	1035327	1311571	731478	909056	717425	920856	738239	315909	593518	748104	628757	485543	732785	757254	654469	1584852	1578838	233745	649498	716422	944767	817132	748759	451616	183691	376031	2026905	696642	845679	1318584	704184	1878233	596142	3271316	302721	1928332	1722758	203580	1015654	1372282	1434830	3087563	304674	1095041	496748	1501437	30709	38350	45879	42882	2033118
star_hg38_v38	4121255	8155472	2030194	3385927	8229276	9249430	5751776	12973092	5946048	3288037	16699763	5728880	8062092	9518483	12801505	9817771	26702244	24907257	18357425	3540048	1815616	2564741	6494048	3850716	4722717	11913318	14141536	13457653	15499480	6478542	7361228	2427544	6709752	3576599	13609336	12476954	7639862	5565655	13259992	13287136	15546779	8413076	6093054	19772762	6259632	9367437	6687154	13283070	5222043	13448305	16927292	15686013	27630480	9265235	22140652	16057327	17349273	20215258	16282707	19628748	28707010	17091969	21536810	12080887	30833951	8867655	18533447	15576877	17797934	11893873	24753302	11459661	16752547	9949204	7829381	11618235	18992511	26865620	9922414	9224819	37758429	18403732	1304808	23914639	21570009	2370031	1907901	42429021	18349347	5423689	5498719	6912958	24129182	12288599	4473105	16288218	8876291	10995742	15211767	7531021	21005210	5171467	34348243	23934131	11056927	11726094	9522332	16345471	12197587	16258620	21739282	32030034	4776767	1042926	7445938	20246708	14757612	14987078	23738326	18690596	25175539	12945605	7538380	13543112	10350886	16448347	20564497	26394985	38119493	6261001	4591234	4871695	6572546	7740629	4730289	2907017	5457457	5972288	9324916	6078917	9852120	8859556	797233	4913369	7903557	3394082	5993520	5686831	6796307	9845591	4282716	8884086	1057416	5205425	5464618	509326	5624517	2864266	6547380	25588402	1667980	11109799	2289937	5836336	325140	436782	426418	463444	26960667
star_hg38_v38_dedup	2841502	5041912	1468274	2443417	5568327	6475808	4041410	8877022	4141904	2273962	11438741	3954951	4907595	6440297	8784261	6241730	16227656	15241466	11382365	2295146	1311755	1677573	3476665	2551384	2520208	7481773	7787894	8063592	9387938	5210980	5654473	1961466	5215036	2754113	9918856	8932357	5456375	4107058	9834381	10079846	11198124	6139480	4598593	14733345	4420212	6561416	4835096	9519168	3553233	8602452	11062871	10133433	18541806	6007556	15613608	11491217	12109933	14333593	11600788	10830151	19511223	12402786	13602102	7292954	21072447	6392143	14047148	11998709	13906341	9215382	18886963	7524100	11431369	6350393	4818715	8027781	12720448	18906817	6499276	6199573	26735544	12696975	1060346	10860238	9059860	1368749	1140524	19030226	7766693	3396183	2990369	4342846	9719086	4895914	2500341	11526076	6299422	7837978	10422281	4938107	13649638	3405351	21948770	15270049	7193267	7873186	5360834	8477113	6775545	8762972	12018405	16718550	2359627	576893	3532142	9628095	7904270	6569082	7694714	7369835	8753937	6436355	3380364	5399860	5170804	6962748	9831292	17188110	12972190	3719108	2388925	3114455	4356687	4672061	2327721	1841920	3201381	3885564	6318050	3737324	6286783	4893748	560075	3436572	3082610	2205885	3296110	2973794	4560882	4593970	2129404	3914721	668684	2605828	2594737	312420	3561392	1564183	3990138	10125074	1032818	7842340	1797897	4048976	261522	347175	345820	367750	12590210
star_rRNA	3524347	5124273	1318706	2447935	2658973	1989528	2794624	2816100	2443692	697712	2109425	2032626	2936893	5963561	3769638	1107165	1866633	2804599	2944125	901292	696481	876508	3427463	2568364	2481594	2233032	1748398	2093514	6298393	1351089	1141302	366361	872555	1042146	943137	1740964	1014244	504058	1292493	467414	792221	469942	235670	751825	2457930	1305218	1545683	1367559	1366184	2656239	1144600	1473135	1497028	1284841	801141	782550	1559789	1147437	1644915	1064026	1471519	1330848	1586968	890688	1683490	379102	696046	636044	551985	477637	469292	896908	453815	598563	806648	1682125	694876	314440	480354	440897	685947	504912	26382	630906	1047815	42899	34918	416856	4414320	1146332	1079790	2089364	66283341	11079470	2254795	5220543	357999	406220	1492407	899750	831403	467031	926320	1283399	1043339	687808	754661	953234	1261008	933237	2602034	12331036	363823	108791	336340	5171302	3151709	3272408	6754626	6655487	3117537	6375416	1711459	2595638	2529202	1083466	1434550	2495900	1320999	1350049	4548378	2264778	3983833	8327606	8584385	1356175	3504565	2434359	3034467	3567173	2234555	1777148	790400	1900899	11103534	2058837	1830741	5744087	3007647	6209524	1771361	14292763	1010606	9615610	9049142	911912	2071950	4532694	4066922	10142752	892598	1794470	1398346	5035238	100168	131863	140984	147261	8266313
star_rRNA_dedup	1389095	1943651	720206	1248650	1351457	1021685	1271732	1474330	1442617	450898	1207903	1062690	1602396	2445706	1992679	680932	1089427	1536905	1569765	534447	377626	525847	1452869	1253433	1010185	1173582	926565	1135533	2188152	696673	723018	259753	556752	618707	559452	965873	597319	339315	800374	319834	524794	329768	184412	534796	1096171	789075	860356	830137	767709	1163458	713828	864545	889608	744209	554300	568991	1011244	781834	956528	642491	930582	777426	939088	622495	995019	294890	452494	461354	399972	376387	370335	619711	342927	459183	569485	804940	450454	248825	376107	344553	471214	380518	23561	440872	708388	35372	28477	313113	1229659	432565	403071	632010	5474683	1626273	631964	1063445	207327	253193	553289	435703	468192	301037	458373	633745	572437	366626	359427	412243	503678	396055	755028	1879899	208967	69903	205651	1881726	1368715	1395277	1719286	1793570	1413882	2046795	712824	983260	860574	543006	597880	1186736	688356	520863	937926	857416	1342068	1580329	1623980	428007	965386	715108	1354033	1214366	746787	755734	287151	992761	1960287	769903	775913	1382215	894623	1796929	728299	2740260	393934	1882436	1779271	345272	920945	982793	1228122	2401901	370407	777403	827399	1184291	79850	103136	109060	113824	2966659
star_circRNA	215773	396308	98878	147691	402284	547086	286214	499916	237010	171261	1007778	306694	285034	453901	469121	661995	1632136	1325097	675438	155978	125851	117742	238609	200254	242167	349863	195421	332157	451376	224217	259137	96342	281925	126909	796131	546609	404759	378350	578714	417080	300877	206176	184152	388294	376980	552650	287413	831992	284981	459842	505061	330437	920953	277562	975281	817080	672747	819944	464686	167910	553291	494088	328574	177209	525040	191263	323555	350137	335360	214089	420912	228333	502002	161974	134599	343230	311166	498182	183144	188032	985263	330998	22932	513579	328358	30339	22793	570973	209362	130456	100421	176445	2195596	844318	138188	620696	318079	510495	516754	210842	633220	155478	1073654	643146	419457	589320	358144	422179	513117	547393	1054031	1059672	289701	73892	462019	311628	241382	230070	231544	286159	218463	200837	118562	163196	169467	137214	255000	369208	317141	126258	144310	142775	156186	250083	228437	64789	163012	176184	212758	181146	260554	210670	28450	105332	385878	173355	197627	217561	158752	343588	131321	449826	52225	321341	351550	31278	202683	148313	288183	607405	56855	372152	86023	270950	9641	12619	13450	13624	692768
unmapped	1873388	1352023	562377	1198110	4611931	1977456	2531779	5196371	3414251	850582	3315718	2054640	3333399	5865430	7501867	2178493	5109713	6551436	7839356	1032555	427639	403599	977222	849842	1087381	2928109	1654828	2767590	4788574	1039292	1036476	371041	1149105	769783	1498481	2218447	1229978	635554	1454358	1277371	1908919	976423	544286	1627993	2009422	1648055	1661102	1898099	1750100	3166631	2187212	2520257	3235997	2461455	2544626	2168303	4620095	4490409	3859279	1861450	3426934	3758103	2369029	1927981	3569893	1159865	4128169	3781399	3354975	16774221	3398051	2596856	2259042	2061152	2446001	3019057	2383666	3371801	4624541	1549754	6084268	2958282	184225	8181208	8536512	400233	322173	9387361	1220512	939268	478718	1839281	14374465	3844753	814932	2276268	575137	844955	2367365	1689519	6268611	1449582	3498074	15606551	16901253	3197998	1615498	1899579	1497354	1741386	2949312	4028281	1825514	304749	1488967	2959493	29707405	3975998	1983815	1902649	4373107	3535544	1232897	1653465	1117334	757179	1270885	3725910	1407784	845767	1062028	3628257	2688845	1868439	3418414	506575	1555793	1120209	9037471	3174087	1281847	1376659	306295	3121852	2281544	1259985	1520447	1516713	1090633	2615948	1178509	4049776	523154	2310828	2208031	286883	1901397	1305470	2058020	4060240	435305	2127638	2265387	1523018	217028	284873	298655	314428	20541154
unclassified	1477706	1244533	441989	1011007	3899507	1565058	1700592	3507072	2898329	696549	2907472	1682027	2908389	4262173	6734706	1817528	4355303	5717154	6510622	802916	407056	372492	936492	804698	1055142	2222870	1311466	1812760	3681235	831127	833460	308992	953572	613740	1340524	1826378	1076256	560224	1244597	1096802	1430766	812095	458125	1341487	1640877	1448255	1415393	1719386	1382226	2343683	1797802	1959844	2815808	1682835	2061731	1870774	3084397	2891195	3090340	1110714	2572632	2324991	1809125	1266265	2600300	989327	2437469	2576881	2135025	5841409	2666594	1688112	2027887	1437408	1352573	2318531	2014292	3069024	2434885	1394121	5558219	2464110	151065	4845631	4610607	269793	204784	6106521	1050522	470172	372425	905006	14018426	3750195	692208	1534607	420829	643339	1307656	1018526	2222627	559595	1877289	3751129	3074293	1096696	847542	936522	963086	1053601	1647373	2583067	928294	184482	745338	1942209	5888616	2595571	1576863	1651717	2318815	2928492	1106708	1490578	1040580	613004	1153574	3205296	1324808	773151	928796	2258076	2400092	1744696	2200709	373261	1168204	912232	5101138	2267971	1205674	1154651	280196	2803104	2230636	1230981	1475063	1485266	1037062	2565080	1141709	3977105	495183	2259142	2058687	279012	1823963	1287561	1979583	3964768	423629	2022842	1915283	1455680	201084	262866	278308	290799	18843341
MT_rRNA	129609	427423	90299	152995	101731	151309	85699	148187	68901	63184	94670	111886	76726	103890	57115	109431	31786	96434	34946	16661	108149	239761	592756	318655	556621	192345	441040	207788	298639	46380	118097	40746	42137	103009	17875	31254	24641	14822	33499	14254	24803	20286	12049	34503	66974	45357	31256	77361	44656	98017	59029	49901	118892	64723	23946	29375	71682	30018	55398	215039	100213	103439	145236	120103	78639	72381	46933	23982	20111	29130	39808	36516	101054	74946	29000	62941	17080	23248	83457	67237	51400	46029	3397	16280	46792	1374	1135	7790	1944878	785287	1128749	705153	625349	705404	646348	90505	115087	113932	219242	215725	88975	193654	90240	153890	236779	83005	38296	25643	30852	29137	57689	78754	6134	1245	9621	2104525	1409898	2081761	2937835	2458724	3097652	1434761	1261087	1771117	1366318	2325987	2088600	1509472	3309905	878635	512717	435533	445904	642544	136807	273996	355968	195420	256222	345329	222386	739049	46625	111054	112640	15941	51839	73394	41371	198035	61828	100599	4690	14969	27104	2548	39485	20740	27977	237268	18779	18933	3613	13011	174	207	182	219	4295
MT_mRNA	45333	317427	33845	51552	24587	56323	26855	35261	19891	38067	33851	38748	25166	51523	20669	74386	16871	28322	11296	5040	35694	206312	345112	173413	201945	305590	1293102	252779	445642	50198	99392	181462	60095	97286	10151	8629	25124	9676	10691	48067	32388	124773	47110	60056	23567	34886	8385	25900	23147	139598	186912	48231	151981	125261	36688	43584	111972	41232	54832	825779	157346	271945	203815	142196	103937	580144	44078	43410	27789	22638	40550	61199	310878	98073	52359	128294	31253	38199	101455	123958	88385	50625	5400	42173	47308	3195	2313	14447	59454	9958	56711	8937	18723	16636	7945	6551	4691	15729	7053	8652	5265	8167	3702	6405	7645	3733	3236	1919	2906	2576	4811	4969	807	218	1679	98763	38904	107322	158804	101258	185663	28342	34021	60541	30613	144271	81545	33242	274987	19837	9010	8069	17814	27808	3603	4461	7832	5149	6578	5485	6248	20310	1345	7339	87067	9425	22412	36771	10941	83480	19898	39125	2418	6861	14297	1100	38875	18380	23917	405757	19935	13713	3221	8643	223	282	323	261	7519
MT_tRNA	102083	205623	47458	52442	80320	87099	36258	77233	52687	73286	65880	68136	109752	71239	74839	91385	36951	91720	93777	20486	38028	95131	191091	76398	114316	68735	162925	86309	113431	29711	60705	26941	53080	38442	30307	37945	38152	13950	25170	23291	28196	27898	10175	19207	43798	57571	44276	61271	71806	52971	63842	52570	75535	80411	19664	30158	70678	40725	35595	62174	51911	34369	84732	66141	57393	45913	21204	8701	8011	12037	30944	20876	67758	71683	14933	29981	9926	14914	33800	75187	43198	22084	2191	10720	26460	909	696	5493	68633	21030	47656	22194	54646	16585	21420	33192	15545	24513	26079	33334	30876	14368	10995	17517	21155	10441	7526	5016	5983	11159	23396	19623	1790	759	3348	256185	211936	249241	100864	105480	131841	109430	184283	310876	168263	125783	261214	136424	562957	121235	57984	63084	65208	110514	49421	27697	72286	94273	83603	66435	86416	72338	15732	75390	231998	59066	95148	138014	84333	271147	114520	159496	15316	37498	54817	7252	133205	87850	115669	646004	85885	67850	22634	59872	1278	1605	1618	1588	26418
chrM.all	37786	150508	28048	35863	29896	39135	20687	37229	16387	25320	28779	29199	24734	36527	22207	55114	13738	28174	11900	5178	9775	33147	74547	35953	55119	77839	327450	81223	123101	10869	25808	32301	11815	20104	6589	9676	19070	8066	11561	8787	14085	27710	10816	17580	13441	21991	7285	25101	12206	28709	41433	15619	54147	24726	14424	14536	37393	17611	20433	208390	50680	56958	65664	41283	36653	119027	13798	9783	5555	7520	11836	14058	75754	31480	13032	36208	7834	14160	19144	29547	29397	21156	1473	9628	12653	925	605	5737	115814	11827	50185	14057	32806	21839	9518	8919	5522	14820	7843	9818	7142	10786	5417	10292	11645	6327	3497	3200	4331	4166	8466	8611	907	212	1748	75824	40410	71067	67444	38568	55496	21989	30305	85463	33680	89193	63500	30991	169902	19128	10677	8838	22730	43514	5900	6235	8883	13571	14156	7791	15075	20433	2383	19721	27820	5111	13288	23594	9359	42913	13221	20031	1436	3835	6345	1074	19146	11424	13717	169492	10599	12187	2095	6951	186	222	222	196	6787
mRNA	348118	890033	284820	427417	490026	509082	480851	718041	359110	207055	428254	279697	349318	870609	427833	326768	459375	544229	408042	141261	107161	175523	464398	348696	332757	1613347	2342671	1475571	2646325	393367	457160	282889	289516	365969	334214	355105	327610	197347	415928	556892	628690	671260	387590	875773	415190	352255	219708	351562	199354	1224692	941713	590105	947336	489099	520882	410835	625324	507622	517931	5357864	1609540	1851415	1421615	800265	1283315	1068995	696403	793998	605190	475164	705872	820976	727130	643796	817433	972942	696520	649442	526500	445574	781297	585521	40326	741969	768931	61373	52112	710957	2944516	453093	546934	507666	920523	519588	287418	598453	291717	512837	629484	436642	662889	442593	742123	684484	768836	441408	271438	399289	421732	315435	368689	555463	73423	16640	99873	2329231	1393466	1111089	1646263	1358763	1910612	888993	443660	805585	863711	1517204	1309744	1285132	2254625	338918	271536	250625	352467	392666	228168	136118	304026	230247	443490	329219	283397	603284	46342	166695	491261	95525	167484	229073	186160	453448	157529	370477	36161	163115	182416	19137	181743	127155	218679	1535642	82070	224633	75916	154494	8644	11285	11968	12069	441992
lncRNA	301689	442412	163894	249537	474068	468649	368176	700604	404492	201083	705280	320655	549214	586152	678190	415214	964851	970597	783034	268195	146305	129698	305025	201048	156564	625848	592348	751021	793891	433055	474346	148629	409258	277880	604340	682256	382891	269938	624967	649942	910384	460574	325068	994225	402477	457073	410818	580599	286180	799153	820922	878812	1182451	508854	897459	675672	828730	875324	797356	977271	1490766	826125	1284473	842266	1550277	458086	1020861	881971	944473	722279	1293069	704769	802517	661521	599272	644718	907835	1171374	620291	562962	1561642	903851	80145	884974	982443	117675	99561	1295468	779311	334876	212604	439774	956956	541270	305735	901135	446122	514115	803922	491084	966071	306130	1369363	989242	584664	519142	398582	649286	484379	614207	834914	1307110	164579	41576	227219	814321	767817	578911	733046	705087	672345	723976	358391	550973	503501	453797	837637	1302157	1042527	318128	346722	358814	453972	480340	366123	192933	398292	366091	576496	453935	504231	563248	78322	262426	536458	268762	417986	416877	427297	629419	353268	655858	122700	430607	418476	71014	371159	250465	469400	1177330	149553	543786	147190	348498	21996	28947	28652	30030	846139
pseudogene	32644	111036	21396	33831	29120	41349	28219	39800	21735	22077	42563	29751	26102	53169	32637	42892	39862	49037	33184	8414	20014	58925	109218	65875	82840	92283	227811	74593	131630	24267	36315	31497	24485	26359	25742	24730	24921	13691	27648	31693	32761	46653	20969	46775	21781	28837	14843	30791	17945	50050	62586	32621	69105	36353	38752	35069	50380	35367	36570	196056	78460	93478	67125	43086	72621	109294	37427	39767	37338	26561	46344	43117	77099	36828	35669	44689	36947	47069	35457	41569	68127	38013	2933	49084	41662	3706	3023	47799	63611	13273	28412	13588	34401	13355	10090	30219	17132	30082	29714	18866	36899	21484	52453	40272	32090	21957	15590	21744	22142	21146	25846	39132	5606	1314	8322	49943	41727	49185	51810	46452	58596	23685	20512	36410	28220	58086	52435	60650	109596	15124	10111	11419	15053	19324	9370	5866	12913	13248	22251	14618	18050	26281	2629	14665	33600	8717	12297	16815	14966	31016	10603	22727	2095	8261	10149	997	17455	11353	16236	105167	8419	18532	5788	12477	590	802	786	885	32454
tRNA	50302	55593	32791	21016	97383	54011	36695	55971	62771	69737	57245	61153	225801	99244	127974	58452	76629	110983	77472	41273	24390	38154	135798	54033	34476	71829	72696	103033	99804	38708	56686	33382	87227	27615	64050	158438	186934	39239	51994	46803	114864	133379	28874	40797	142384	127646	59262	85991	201837	172794	139534	69567	105731	232952	64739	88493	154262	99033	40137	15796	38386	18539	35777	22569	34188	30378	13397	9595	11020	10958	15373	32165	25874	41031	19464	19985	13856	16780	18654	42630	46095	21203	1961	41708	31797	2865	2457	39241	43152	21991	21265	29421	219718	35053	27988	50578	14209	22296	40445	35727	60983	12905	24494	21000	31925	26877	16526	18153	19682	32501	43141	41022	6505	4502	12823	113343	89159	89670	61072	59981	60463	83632	56994	73312	57902	39313	103056	89704	215188	48808	31674	54120	45845	47781	46177	10794	66025	70748	70670	61326	65145	52738	7660	25527	101273	94035	152806	118067	84328	233798	159271	217755	36124	95471	85182	15113	121530	80121	170079	427657	61958	83482	30724	85003	3306	4475	4790	4677	126657
srpRNA	28497	47309	21974	32947	46773	31490	40337	60810	46908	15640	26160	28720	47104	75298	43467	22288	27267	40564	36012	36359	9119	10375	49891	16390	17731	90696	85229	118824	109556	42024	50077	14934	33346	39164	14612	32641	18323	11980	31472	33355	66045	40532	28130	67294	38420	24574	45505	24270	19771	102253	67901	106661	70762	52830	32332	23103	48127	37812	42604	170516	152748	71196	174175	145057	132553	49193	75338	67844	59215	60324	77940	92885	69937	98408	109375	86369	81868	60470	97253	63496	64582	79962	6480	83842	150860	9825	8404	71117	228422	50231	29120	93469	164975	94577	87924	64322	27663	25914	89321	70577	54704	30582	51578	51917	52579	27868	24261	40461	28857	30513	57201	104397	4811	972	5238	125463	104949	80722	198164	142309	138406	114129	52419	83021	121974	62259	82958	107537	93731	36675	90584	47883	57663	39058	90292	45350	68095	38071	51782	58806	44083	101596	9697	10348	53930	19334	29937	33125	23558	61912	30461	86180	11207	49331	43295	7997	22644	19043	31181	135118	12231	15513	5300	13220	486	717	657	681	11006
snoRNA	2242	19681	2537	1350	600	609	916	1025	888	219	754	467	1091	1862	934	417	978	880	669	644	207	175	279	2767	245	1052	683	880	2330	683	771	250	575	1998	724	775	491	381	623	626	805	470	356	801	2404	764	651	746	624	4133	1185	1221	1217	1126	834	611	804	786	895	2204	1749	1277	7176	1382	1597	525	977	1988	1080	633	883	951	729	634	1510	1575	932	1067	647	5770	1693	1013	92	739	1413	94	68	1568	8237	1314	1086	1734	43443	15199	1941	3337	427	656	1297	648	1234	297	1815	1578	1713	832	534	973	911	664	1856	4693	251	38	200	20865	1626	1977	7378	3363	1455	4309	1769	1425	19167	8113	2487	2447	8906	973	3127	1216	2091	8946	6732	1048	2267	1343	947	1563	2063	2766	553	759	6941	1335	1306	5737	2728	11884	1397	14064	876	9556	11653	902	1053	3640	2835	14764	913	1055	553	6262	51	92	82	61	2297
snRNA	18995	56810	12947	10428	6041	3970	6419	8794	5562	2458	5460	8407	15129	18425	9610	3279	4695	6868	4010	4789	1169	1069	2395	8216	2236	8247	7336	9785	23183	7897	11578	1916	5866	14338	4566	9458	4657	2026	4496	4021	11187	4477	2323	5760	27497	6552	8032	7555	6989	37112	10412	12168	11037	10269	3805	3487	5660	4982	7192	23652	18037	9528	39921	17109	22228	4349	8828	10812	6763	6105	7621	12553	4261	8501	12821	10277	6504	5221	7819	20095	7858	9512	569	6927	15951	677	610	6639	57541	32318	28875	41645	427697	268102	46328	29665	5573	5758	22555	13589	10217	5626	21722	17201	13857	11358	12191	16517	15991	15280	33565	92342	2275	722	2306	33324	15175	18718	51474	41946	19610	37723	13293	22099	46107	23826	17615	20775	20420	16571	44577	15452	20520	32724	79099	13187	33096	23501	13865	30174	32415	25348	15029	6715	107666	23883	14158	54291	33324	60899	19800	97713	19335	104840	138494	18106	10515	30727	32967	77737	9043	8448	6359	39575	1451	1715	1892	1725	11521
Y_RNA	18131	16831	4103	5960	13892	20071	8520	15490	12099	7123	7889	9532	33612	15656	11813	7712	9282	7364	6768	1881	18750	17166	24754	15164	27556	14842	31687	22298	30155	11196	15586	4798	12642	9156	7052	23075	6478	2032	3394	6451	19888	9487	3119	5333	6663	11977	6469	6499	5717	12202	19475	10554	11142	7874	5724	6522	26997	8061	7778	18872	14541	9497	16026	12870	11027	10852	5883	4127	4114	4176	11756	14416	17477	21596	8040	6011	3958	3365	6480	17120	7392	6080	417	7168	8336	414	276	5473	34900	13017	10364	15633	34773	8436	8545	23641	5338	10176	13975	20163	9110	4795	5830	5481	7031	3604	3479	3799	3544	6348	8073	7628	1279	660	2290	58244	66725	58074	47748	61679	46578	60397	47827	62117	32302	36893	64286	57915	95776	24483	21750	26028	22509	35780	21357	5135	30477	20199	22691	29900	23835	44775	4853	8969	66814	31373	47565	42784	27722	66233	40463	71772	13468	40439	37158	8151	35426	29035	41329	114927	17264	25585	6783	20080	544	661	685	597	10754
misc_RNA	7794	7177	2731	3821	5704	7911	4815	5100	3648	1773	3287	3238	5951	3348	3984	3082	2867	3316	4165	880	7420	5243	6042	6002	15540	4839	6602	3882	9895	4122	4916	1332	5468	3933	6015	6352	3633	1957	3938	5386	5343	2809	1451	3853	3024	4466	4405	3602	3644	5001	5278	5530	6472	3668	4439	3966	5868	5475	3725	4899	7803	5658	7248	3561	7521	2168	5827	6027	4172	2405	6264	1858	2384	1655	1938	2752	3134	8531	2490	3316	13952	5893	689	2185	2872	404	364	4028	21306	4778	4820	10751	100974	16024	11985	15593	3572	4978	11990	8604	7752	2688	6969	5107	6893	3095	3420	3687	4903	6258	12591	44070	955	471	1375	29176	31165	28247	16149	25220	14100	10882	24632	28779	18233	9023	20197	24119	24378	18113	16514	22548	8947	13003	22521	5715	11055	16167	12931	13521	22628	11987	4203	6781	55546	26146	38597	30807	19978	47265	23146	55138	12310	49576	40222	7379	31331	30455	34065	60049	10578	34338	7144	25920	984	1217	1276	1229	10132
tucpRNA	9295	8506	3261	6976	20460	24156	17210	39186	17816	7414	42709	13994	18436	22788	40880	21526	59115	62666	50166	8623	4223	2632	4656	5197	4450	23383	12819	24368	27617	21707	20406	5942	22552	10389	36721	32565	17302	12826	37879	41805	47590	21125	16637	65655	16301	20338	18971	30838	11134	35026	37778	45194	70303	21182	55556	41036	45167	54971	55896	22059	77461	46049	57798	28914	94307	19617	68121	58191	61297	43302	90726	27044	36878	22208	16348	28989	55228	83423	25007	25447	114490	59425	5015	40272	36881	8046	6302	84328	12075	9449	4085	14761	33138	10327	5855	61083	29747	26721	48290	23207	70735	13538	95681	75283	30230	29078	23723	44236	26128	38718	49642	75499	10905	2848	14893	20834	25170	12730	9711	11867	14639	17970	4924	8819	11690	10646	30314	74902	25544	11278	5356	10314	16228	15954	7934	6892	10742	18006	29891	14118	30579	13666	2130	17544	7267	9827	12641	10275	18970	15515	6962	12383	2592	10528	10467	917	16766	5491	18963	31727	3653	38110	9667	19694	1513	2145	1983	2317	75971
exon	108140	212418	50786	78774	180185	211610	135885	295865	136300	73868	372220	131899	158997	209616	305658	201117	508255	496737	391323	71696	43559	52053	106488	94144	87012	212027	182787	225214	264009	172665	170366	55352	167457	86466	314116	276449	162562	126175	313482	310178	340700	172731	135562	467568	148697	202013	159306	298474	111002	272945	328067	320623	567234	179112	459490	345951	369221	430178	382504	228506	582653	367368	417305	210646	664164	171634	451649	378162	442080	290536	586978	214309	310751	179265	130730	216854	377627	568555	183936	189173	806110	390036	31666	324668	272450	44782	36823	583459	170815	81699	56316	106590	357936	179414	54786	417973	209650	231775	336557	154985	458752	100301	704740	490121	222794	245201	170983	295946	215196	282423	381890	566490	81138	20231	114113	253244	201942	133712	144986	149865	151144	148739	63342	103526	135639	169127	246171	520041	290711	93028	60896	86246	125339	146719	94822	53439	95279	128615	214541	113681	212906	128534	17355	124132	110039	77179	101134	105511	153743	160089	61709	149854	23496	107089	108245	11653	122462	59806	140173	338603	35187	259117	66271	149572	9582	12963	12496	13448	470257
intron	552058	1050763	245357	416664	1264756	1487273	883755	2148120	921065	457403	2898286	887554	1036109	1324007	2214017	1461005	4204644	3909960	3027083	523531	232653	200324	343961	410083	265268	1268167	656834	1483036	1392197	1308508	1293274	355127	1293189	574516	2730423	2328920	1301716	1038280	2655356	2658059	2884322	1348638	1094540	3858759	1018165	1598856	1261073	2478344	811020	1866907	2593511	2604435	4713506	1324925	3991526	2944849	3002014	3800202	3094155	787405	4852914	2607725	3223534	1575035	5533263	1103389	3768999	3025292	3730592	2401749	5087249	1706446	2559153	1404197	946177	1654715	3430059	5073810	1500286	1482704	6973873	3321621	282828	2604014	2145206	357878	300105	5061687	379596	491893	229325	738904	2144689	1085627	313635	3020187	1617901	1824542	2579439	1079755	3741526	709894	5756749	3913730	1627723	1962290	1345056	2268457	1690092	2279334	3083998	4324436	614683	148945	901568	1318469	1158067	633677	475440	652460	687548	895255	260957	466310	699362	783674	1556438	3924637	1509278	600495	300351	571840	867279	896050	400471	351488	568186	905649	1486323	726858	1614356	781947	103846	809799	393815	495250	730153	562936	1155158	785635	366005	633194	125939	503145	490690	48753	816034	268389	896827	1639207	177487	2224813	464638	1053129	71457	94704	93642	100287	3510319
intergenic	1048786	1022362	422027	861844	2702785	3281761	1860113	4490306	1991644	1008255	6625454	1931915	2204353	2896944	4712434	3347662	9770490	8793615	6408518	1140235	505139	411885	720254	719350	565532	2810704	1343874	3142988	2876533	2615623	2758990	743968	2696328	1057489	5711359	4914089	2911870	2344672	5582283	5640236	6036073	3026678	2473824	8169406	2029429	3566260	2534851	5430264	1726201	3700889	5683293	5289621	10384955	2844191	9443348	6793970	6655654	8344194	6447787	1713669	10226015	6028220	6350482	3220471	11388764	2546198	7767425	6635059	7937541	5099865	10833750	3719962	6241735	2954571	2010614	4080481	7039887	11127189	3236600	3003788	16076053	7134951	594764	5993887	4467845	754607	625670	11084995	834432	1060149	533862	1578569	3548339	1348478	652880	6170723	3489526	4459134	5555075	2316731	7436508	1527543	13004899	8786529	3535708	4476970	3022496	4678787	3797916	5073107	7022637	9444311	1383579	335540	2125526	1926341	2306134	1262979	986526	1406813	1507789	1832143	521948	929487	1034122	1105553	3013095	8007965	2963759	1157679	595339	1142426	1817118	1719336	758924	701566	1155959	1745266	3011613	1464565	3102970	1685448	201371	1768708	658475	964976	1387359	1075723	2266946	1441282	689323	1208355	238521	970707	915727	90327	1582563	510109	1736124	3008625	329264	4252245	940001	2032575	139057	185136	184566	197480	6995692
singleton	0	0	0	0	0	0	0	0	0	0	0	0	0	0	0	0	0	0	0	0	0	0	0	0	0	0	0	0	0	0	0	0	0	0	0	0	0	0	0	0	0	0	0	0	0	0	0	0	0	0	0	0	0	0	0	0	0	0	0	0	0	0	0	0	0	0	0	0	0	0	0	0	0	0	0	0	0	0	0	0	0	0	0	0	0	0	0	0	0	0	0	0	0	0	0	0	0	0	0	0	0	0	0	0	0	0	0	0	0	0	0	0	0	0	0	0	0	0	0	0	0	0	0	0	0	0	0	0	0	0	0	0	0	0	0	0	0	0	0	0	0	0	0	0	0	0	0	0	0	0	0	0	0	0	0	0	0	0	0	0	0	0	0	0	0	0	0	0	0
unmapped	0	0	0	0	0	0	0	0	0	0	0	0	0	0	0	0	0	0	0	0	0	0	0	0	0	0	0	0	0	0	0	0	0	0	0	0	0	0	0	0	0	0	0	0	0	0	0	0	0	0	0	0	0	0	0	0	0	0	0	0	0	0	0	0	0	0	0	0	0	0	0	0	0	0	0	0	0	0	0	0	0	0	0	0	0	0	0	0	0	0	0	0	0	0	0	0	0	0	0	0	0	0	0	0	0	0	0	0	0	0	0	0	0	0	0	0	0	0	0	0	0	0	0	0	0	0	0	0	0	0	0	0	0	0	0	0	0	0	0	0	0	0	0	0	0	0	0	0	0	0	0	0	0	0	0	0	0	0	0	0	0	0	0	0	0	0	0	0	0
diff_chrom	0	0	0	0	0	0	0	0	0	0	0	0	0	0	0	0	0	0	0	0	0	0	0	0	0	0	0	0	0	0	0	0	0	0	0	0	0	0	0	0	0	0	0	0	0	0	0	0	0	0	0	0	0	0	0	0	0	0	0	0	0	0	0	0	0	0	0	0	0	0	0	0	0	0	0	0	0	0	0	0	0	0	0	0	0	0	0	0	0	0	0	0	0	0	0	0	0	0	0	0	0	0	0	0	0	0	0	0	0	0	0	0	0	0	0	0	0	0	0	0	0	0	0	0	0	0	0	0	0	0	0	0	0	0	0	0	0	0	0	0	0	0	0	0	0	0	0	0	0	0	0	0	0	0	0	0	0	0	0	0	0	0	0	0	0	0	0	0	0
unassigned	0	0	0	0	0	0	0	0	0	0	0	0	0	0	0	0	0	0	0	0	0	0	0	0	0	0	0	0	0	0	0	0	0	0	0	0	0	0	0	0	0	0	0	0	0	0	0	0	0	0	0	0	0	0	0	0	0	0	0	0	0	0	0	0	0	0	0	0	0	0	0	0	0	0	0	0	0	0	0	0	0	0	0	0	0	0	0	0	0	0	0	0	0	0	0	0	0	0	0	0	0	0	0	0	0	0	0	0	0	0	0	0	0	0	0	0	0	0	0	0	0	0	0	0	0	0	0	0	0	0	0	0	0	0	0	0	0	0	0	0	0	0	0	0	0	0	0	0	0	0	0	0	0	0	0	0	0	0	0	0	0	0	0	0	0	0	0	0	0
total	2841502	5041912	1468274	2443417	5568327	6475808	4041410	8877022	4141904	2273962	11438741	3954951	4907595	6440297	8784261	6241730	16227656	15241466	11382365	2295146	1311755	1677573	3476665	2551384	2520208	7481773	7787894	8063592	9387938	5210980	5654473	1961466	5215036	2754113	9918856	8932357	5456375	4107058	9834381	10079846	11198124	6139480	4598593	14733345	4420212	6561416	4835096	9519168	3553233	8602452	11062871	10133433	18541806	6007556	15613608	11491217	12109933	14333593	11600788	10830151	19511223	12402786	13602102	7292954	21072447	6392143	14047148	11998709	13906341	9215382	18886963	7524100	11431369	6350393	4818715	8027781	12720448	18906817	6499276	6199573	26735544	12696975	1060346	10860238	9059860	1368749	1140524	19030226	7766693	3396183	2990369	4342846	9719086	4895914	2500341	11526076	6299422	7837978	10422281	4938107	13649638	3405351	21948770	15270049	7193267	7873186	5360834	8477113	6775545	8762972	12018405	16718550	2359627	576893	3532142	9628095	7904270	6569082	7694714	7369835	8753937	6436355	3380364	5399860	5170804	6962748	9831292	17188110	12972190	3719108	2388925	3114455	4356687	4672061	2327721	1841920	3201381	3885564	6318050	3737324	6286783	4893748	560075	3436572	3082610	2205885	3296110	2973794	4560882	4593970	2129404	3914721	668684	2605828	2594737	312420	3561392	1564183	3990138	10125074	1032818	7842340	1797897	4048976	261522	347175	345820	367750	12590210
